# linear matter P(k, z=0), Sato et al. 2009 / Kayo et al. 2013 cosmology
# Omega_m=0.238 Omega_b=0.042 h=0.732 n_s=0.958 sigma8=0.76 (CAMB raw sigma8=0.763743, rescaled)
# k [h/Mpc]    P [(Mpc/h)^3]
1.000000000000000082e-05 7.369333231457994771e+01
1.014895108415307723e-05 7.474456618266850683e+01
1.030012081085319317e-05 7.581079477962656199e+01
1.045354222702161874e-05 7.689223178526076197e+01
1.060924887181710212e-05 7.798909422168608785e+01
1.076727478396780028e-05 7.910160243605750452e+01
1.092765450921240923e-05 8.022997993778162140e+01
1.109042310785215221e-05 8.137445343899457839e+01
1.125561616241524545e-05 8.253525290066828290e+01
1.142326978543551167e-05 8.371261157937813380e+01
1.159342062734688139e-05 8.490676598618523485e+01
1.176610588449547748e-05 8.611795555397306146e+01
1.194136330727102822e-05 8.734642297220558760e+01
1.211923120835940758e-05 8.859241437831569499e+01
1.229974847111810214e-05 8.985617940656020153e+01
1.248295455807642045e-05 9.113797123749188245e+01
1.266888951956232881e-05 9.243804664892323331e+01
1.285759400245776497e-05 9.375666621507625109e+01
1.304910925908438476e-05 9.509409454441630771e+01
1.324347715622164232e-05 9.645060006739088010e+01
1.344074018425921325e-05 9.782645504968660077e+01
1.364094146648573738e-05 9.922193564711660940e+01
1.384412476851590934e-05 1.006373219613014669e+02
1.405033450785800191e-05 1.020728980930917800e+02
1.425961576362388585e-05 1.035289521340868504e+02
1.447201428638369580e-05 1.050057762212167205e+02
1.468757650816726329e-05 1.065036666569903616e+02
1.490634955261454112e-05 1.080229239717340306e+02
1.512838124527720626e-05 1.095638529839322217e+02
1.535372012407371792e-05 1.111267628614322689e+02
1.558241544990008909e-05 1.127119671683805109e+02
1.581451721739871624e-05 1.143197838304337211e+02
1.605007616588761992e-05 1.159505352538747758e+02
1.628914379045246494e-05 1.176045484373839258e+02
1.653177235320379087e-05 1.192821550375825836e+02
1.677801489470194483e-05 1.209836914352929540e+02
1.702792524555217998e-05 1.227094988027343163e+02
1.728155803817243335e-05 1.244599231669833017e+02
1.753896871873644300e-05 1.262353154693943367e+02
1.780021355929471496e-05 1.280360316463684001e+02
1.806534967007604030e-05 1.298624327029027654e+02
1.833443501197226614e-05 1.317148847846567890e+02
1.860752840920900725e-05 1.335937592510321110e+02
1.888468956220509362e-05 1.354994327546283159e+02
1.916597906062356938e-05 1.374322875257228702e+02
1.945145839661707566e-05 1.393927115311999501e+02
1.974118997827053454e-05 1.413810983033245634e+02
2.003523714324405793e-05 1.433978470007700992e+02
2.033366417261908015e-05 1.454433624892542127e+02
2.063653630495070225e-05 1.475180554233330668e+02
2.094391975052937546e-05 1.496223422952296858e+02
2.125588170585501378e-05 1.517566451850005080e+02
2.157249036832667978e-05 1.539213919679673950e+02
2.189381495115108616e-05 1.561170166078599664e+02
2.221992569847316902e-05 1.583439592462820826e+02
2.255089390073200910e-05 1.606026662904921807e+02
2.288679191024551299e-05 1.628935905024198405e+02
2.322769315702720842e-05 1.652171910549756149e+02
2.357367216483862991e-05 1.675739335134381633e+02
2.392480456748082184e-05 1.699642900251330104e+02
2.428116712532849610e-05 1.723887394483269588e+02
2.464283774211046971e-05 1.748477674472894137e+02
2.500989548194004145e-05 1.773418665886968881e+02
2.538242058659905494e-05 1.798715364458452939e+02
2.576049449307938512e-05 1.824372842606304630e+02
2.614419985138574464e-05 1.850396255236294962e+02
2.653362054260360471e-05 1.876790832240062628e+02
2.692884169723632002e-05 1.903561878573516424e+02
2.732994971381530995e-05 1.930714775341039058e+02
2.773703227778750075e-05 1.958254980895562483e+02
2.815017838068403352e-05 1.986188030947323853e+02
2.856947833957457474e-05 2.014519524235375911e+02
2.899502381681132225e-05 2.043255125726893482e+02
2.942690784006716200e-05 2.072400580015449236e+02
2.986522482267222779e-05 2.101961712805499758e+02
3.031007058425347179e-05 2.131944432045661131e+02
3.076154237168155555e-05 2.162354729077745787e+02
3.121973888032983195e-05 2.193198683588123856e+02
3.168476027564994137e-05 2.224482483390382868e+02
3.215670821506878564e-05 2.256212412775640530e+02
3.263568587021164699e-05 2.288394846196188723e+02
3.312179794945637829e-05 2.321036249556844098e+02
3.361515072082344520e-05 2.354143181535074234e+02
3.411585203520702453e-05 2.387722294895532116e+02
3.462401134995202396e-05 2.421780330380688611e+02
3.513973975278241048e-05 2.456324106967902310e+02
3.566314998608580085e-05 2.491360537699142128e+02
3.619435647155993158e-05 2.526896633594800790e+02
3.673347533522610433e-05 2.562939505033708656e+02
3.728062443281533256e-05 2.599496363152266554e+02
3.783592337553248167e-05 2.636574521554426269e+02
3.839949355620432515e-05 2.674181405270341543e+02
3.897145817581689034e-05 2.712324553382309205e+02
3.955194227044832111e-05 2.751011612917446882e+02
4.014107273860263779e-05 2.790250339978070997e+02
4.073897836895087264e-05 2.830048601298519202e+02
4.134578986848527266e-05 2.870414375823875162e+02
4.196163989109289225e-05 2.911355755685460167e+02
4.258666306655482320e-05 2.952880943205828999e+02
4.322099602997734382e-05 2.994998254867481933e+02
4.386477745166143805e-05 3.037716125396220264e+02
4.451814806741727793e-05 3.081043109455594049e+02
4.518125070933017468e-05 3.124987883348011337e+02
4.585423033698485582e-05 3.169559246739725040e+02
4.653723406915473638e-05 3.214766123690002360e+02
4.723041121596334652e-05 3.260617562692257820e+02
4.793391331152468520e-05 3.307122740242477335e+02
4.864789414706981136e-05 3.354290963133234413e+02
4.937250980456682167e-05 3.402131670296475363e+02
5.010791869084169574e-05 3.450654434672502475e+02
5.085428157220719860e-05 3.499868965178080771e+02
5.161176160960782259e-05 3.549785112241443699e+02
5.238052439428793821e-05 3.600412871662231851e+02
5.316073798399153610e-05 3.651762381944259914e+02
5.395257293970085128e-05 3.703843925918006335e+02
5.475620236292249600e-05 3.756667932793076830e+02
5.557180193352875158e-05 3.810244980239722281e+02
5.639954994816267234e-05 3.864585795601950622e+02
5.723962735921511312e-05 3.919701247915291447e+02
5.809221781438244183e-05 3.975602353055073763e+02
5.895750769681333293e-05 4.032300282727097169e+02
5.983568616585371527e-05 4.089806366787222487e+02
6.072694519839841917e-05 4.148132095465449538e+02
6.163147963085902970e-05 4.207289121621219010e+02
6.254948720175649126e-05 4.267289264913985676e+02
6.348116859494855985e-05 4.328144521137723473e+02
6.442672748350074979e-05 4.389867058847765975e+02
6.538637057421097963e-05 4.452469219349310947e+02
6.636030765279732986e-05 4.515963519141624829e+02
6.734875162975891385e-05 4.580362652396824501e+02
6.835191858691982330e-05 4.645679493460056619e+02
6.937002782466627192e-05 4.711927097751585620e+02
7.040330190988758959e-05 4.779118702645048415e+02
7.145196672463100104e-05 4.847267732789397883e+02
7.251625151548134272e-05 4.916387803116707005e+02
7.359638894367615339e-05 4.986492721526920491e+02
7.469261513596735984e-05 5.057596491610225371e+02
7.580516973624045406e-05 5.129713314740827172e+02
7.693429595790257300e-05 5.202857580872164363e+02
7.808024063705090571e-05 5.277043871927482996e+02
7.924325428643306960e-05 5.352286974962537442e+02
8.042359115021130054e-05 5.428601885409550505e+02
8.162150925954208506e-05 5.506003809983334349e+02
8.283727048898401448e-05 5.584508169627754341e+02
8.407114061374557057e-05 5.664130604316555946e+02
8.532338936778590722e-05 5.744886986255953616e+02
8.659429050278059502e-05 5.826793416540490398e+02
8.788412184796616598e-05 5.909866223787569197e+02
8.919316537087572329e-05 5.994121967318754969e+02
9.052170723897939918e-05 6.079577440396684551e+02
9.187003788224275247e-05 6.166249673502405813e+02
9.323845205661718705e-05 6.254155934781622364e+02
9.462724890847593008e-05 6.343313728371180105e+02
9.603673204001000354e-05 6.433740803848075984e+02
9.746720957559783639e-05 6.525455160894797473e+02
9.891899422916389955e-05 6.618475052791316102e+02
1.003924033725404582e-04 6.712818989954687368e+02
1.018877591048477559e-04 6.808505742917585621e+02
1.034053883229072264e-04 6.905554326828920466e+02
1.049456227927039428e-04 7.003984000054790613e+02
1.065087992219132095e-04 7.103814288811458937e+02
1.080952593335078620e-04 7.205064992176122587e+02
1.097053499404612866e-04 7.307756185834205098e+02
1.113394230215637270e-04 7.411908225876134111e+02
1.129978357983676924e-04 7.517541754953026611e+02
1.146809508132795298e-04 7.624677725664463424e+02
1.163891360088139252e-04 7.733337395981060354e+02
1.181227648080292094e-04 7.843542322199128876e+02
1.198822161961606665e-04 7.955314362961144070e+02
1.216678748034698564e-04 8.068675683444572542e+02
1.234801309893276240e-04 8.183648759607605143e+02
1.253193809275500936e-04 8.300256370957162062e+02
1.271860266930051450e-04 8.418521572763734184e+02
1.290804763495097002e-04 8.538467731005355290e+02
1.310031440390352353e-04 8.660118536195615206e+02
1.329544500722428359e-04 8.783498007792074986e+02
1.349348210203664584e-04 8.908630498662696482e+02
1.369446898084649691e-04 9.035540699590300164e+02
1.389844958100627749e-04 9.164253642513235718e+02
1.410546849432005409e-04 9.294794704261324796e+02
1.431557097679165397e-04 9.427189613131130272e+02
1.452880295851800179e-04 9.561464453832952586e+02
1.474521105372977230e-04 9.697645672313008163e+02
1.496484257098167102e-04 9.835760080639239504e+02
1.518774552349444907e-04 9.975834860688528352e+02
1.541396863965100741e-04 1.011789755270089699e+03
1.564356137364876183e-04 1.026197606395597177e+03
1.587657391631078392e-04 1.040809868588276004e+03
1.611305720605787548e-04 1.055629409948950979e+03
1.635306294004416244e-04 1.070659138057644896e+03
1.659664358545847403e-04 1.085902000501531347e+03
1.684385239099410133e-04 1.101360984172386225e+03
1.709474339848939353e-04 1.117039110533628218e+03
1.734937145474176143e-04 1.132939440150585142e+03
1.760779222349758474e-04 1.149065075200956016e+03
1.787006219762078761e-04 1.165419160018084540e+03
1.813623871144264682e-04 1.182004881640043777e+03
1.840637995329548601e-04 1.198825470366811942e+03
1.868054497823316981e-04 1.215884200576572539e+03
1.895879372094097829e-04 1.233184391610229341e+03
1.924118700883785415e-04 1.250729407897155397e+03
1.952778657537370592e-04 1.268522659471263751e+03
1.981865507352488986e-04 1.286567602563261516e+03
2.011385608949062427e-04 1.304867740200014396e+03
2.041345415659348594e-04 1.323426622611606263e+03
2.071751476938686175e-04 1.342247843586759927e+03
2.102610439797262176e-04 1.361335040893515043e+03
2.133929050253199238e-04 1.380691900858549616e+03
2.165714154807295842e-04 1.400322159159630928e+03
2.197972701939717257e-04 1.420229601450657583e+03
2.230711743628996130e-04 1.440418063993852002e+03
2.263938436893649520e-04 1.460891432692538729e+03
2.297660045356762868e-04 1.481653633452383247e+03
2.331883940833873192e-04 1.502708638693145303e+03
2.366617604944509041e-04 1.524060472930524156e+03
2.401868630747732510e-04 1.545713213429269672e+03
2.437644724402047069e-04 1.567670990840987770e+03
2.473953706850018711e-04 1.589937989849289124e+03
2.510803515528002051e-04 1.612518450641210848e+03
2.548202206101327040e-04 1.635416671245141515e+03
2.586157954225332492e-04 1.658637006338734636e+03
2.624679057332629734e-04 1.682183867496712992e+03
2.663773936446986934e-04 1.706061723877024633e+03
2.703451138024234998e-04 1.730275102914317586e+03
2.743719335820593488e-04 1.754828590665527827e+03
2.784587332788817705e-04 1.779726818782460441e+03
2.826064063002600084e-04 1.804974459917835020e+03
2.868158593609627591e-04 1.830576244681482194e+03
2.910880126813740194e-04 1.856536963496193266e+03
2.954238001886595895e-04 1.882861467264412113e+03
2.998241697209318830e-04 1.909554668040796741e+03
3.042900832344546769e-04 1.936621539361801524e+03
3.088225170139349113e-04 1.964067113551182501e+03
3.134224618859457728e-04 1.991896483660712192e+03
3.180909234355296339e-04 2.020114806244524743e+03
3.228289222260270915e-04 2.048727302076169053e+03
3.276374940221807286e-04 2.077739256842003215e+03
3.325176900165608177e-04 2.107156021839973619e+03
3.374705770593652236e-04 2.136983010091411415e+03
3.424972378916408319e-04 2.167225682293616501e+03
3.475987713819803332e-04 2.197889560575441010e+03
3.527762927667427184e-04 2.228980233849307751e+03
3.580309338938537011e-04 2.260503358478845257e+03
3.633638434702364290e-04 2.292464658950412286e+03
3.687761873129285356e-04 2.324869928483611147e+03
3.742691486039384442e-04 2.357725024182442667e+03
3.798439281488990888e-04 2.391035863073508153e+03
3.855017446395731548e-04 2.424808431123289211e+03
3.912438349202699054e-04 2.459048784854702262e+03
3.970714542582281267e-04 2.493763052006777798e+03
4.029858766180283484e-04 2.528957432197053095e+03
4.089883949400916385e-04 2.564638195773930875e+03
4.150803214233269906e-04 2.600811656944885726e+03
4.212629878119882867e-04 2.637484178268157848e+03
4.275377456868043741e-04 2.674662193019905317e+03
4.339059667604454069e-04 2.712352206399938495e+03
4.403690431773911581e-04 2.750560796095608112e+03
4.469283878182638589e-04 2.789294612844973472e+03
4.535854346086954422e-04 2.828560380046913906e+03
4.603416388327964117e-04 2.868364889686703918e+03
4.671984774512913884e-04 2.908715006120171438e+03
4.741574494243952216e-04 2.949617668500850414e+03
4.812200760394971582e-04 2.991079891322087406e+03
4.883879012437281498e-04 3.033108764954788057e+03
4.956624919814781385e-04 3.075711456126024132e+03
5.030454385369438793e-04 3.118895191930234432e+03
5.105383548817775527e-04 3.162667236038312240e+03
5.181428790279145585e-04 3.207034921022697745e+03
5.258606733856550268e-04 3.252005654335024246e+03
5.336934251270811225e-04 3.297586918704113032e+03
5.416428465548858186e-04 3.343786272527365327e+03
5.497106754766969494e-04 3.390611349834349767e+03
5.578986755849739540e-04 3.438069849920332217e+03
5.662086368425688163e-04 3.486169536136321312e+03
5.746423758740225448e-04 3.534918247049178262e+03
5.832017363626961761e-04 3.584323897318937270e+03
5.918885894538142593e-04 3.634394477997951981e+03
6.007048341635125429e-04 3.685138056820541351e+03
6.096523977939775777e-04 3.736562772650365787e+03
6.187332363547711498e-04 3.788676793108228594e+03
6.279493349904292096e-04 3.841488336506966334e+03
6.373027084144321144e-04 3.895005694289479379e+03
6.467954013496343300e-04 3.949237231270887150e+03
6.564294889752597369e-04 4.004191385712900683e+03
6.662070773805513343e-04 4.059876669380357271e+03
6.761303040251800782e-04 4.116301658342018527e+03
6.862013382065101051e-04 4.173474970993832358e+03
6.964223815338254015e-04 4.231405290703373794e+03
7.067956684096179899e-04 4.290101371752837622e+03
7.173234665180491972e-04 4.349572039227980895e+03
7.280080773206799557e-04 4.409826188887193894e+03
7.388518365595913521e-04 4.470872786173878012e+03
7.498571147679957121e-04 4.532720825313263049e+03
7.610263177884549896e-04 4.595379308035750000e+03
7.723618872988165067e-04 4.658857295546643400e+03
7.838663013459841152e-04 4.723163912556390642e+03
7.955420748876382937e-04 4.788308346821791929e+03
8.073917603420286727e-04 4.854299848659271447e+03
8.194179481459493587e-04 4.921147725994943357e+03
8.316232673210323650e-04 4.988861294316832755e+03
8.440103860484716915e-04 5.057449891022818520e+03
8.565820122523094566e-04 5.126922907925714753e+03
8.693408941914100661e-04 5.197289791055198293e+03
8.822898210602517655e-04 5.268560039822014005e+03
8.954316235986661127e-04 5.340743206146960802e+03
9.087691747106632807e-04 5.413848868415963807e+03
9.223053900924685269e-04 5.487886537860953467e+03
9.360432288699185779e-04 5.562865733920390085e+03
9.499856942453508563e-04 5.638796014827883482e+03
9.641358341541268187e-04 5.715686976250914086e+03
9.784967419309356651e-04 5.793548249882242999e+03
9.930715569860225096e-04 5.872389501598189781e+03
1.007863465491487054e-03 5.952220383697543184e+03
1.022875701077810518e-03 6.033050486182384702e+03
1.038111545540748625e-03 6.114889410845747989e+03
1.053574329558760753e-03 6.197746779378019710e+03
1.069267433421123691e-03 6.281632231419795062e+03
1.085194287766889356e-03 6.366555422560879379e+03
1.101358374334849991e-03 6.452526015849009127e+03
1.117763226724674758e-03 6.539553565068014905e+03
1.134412431169382106e-03 6.627647518966026837e+03
1.151309627319322890e-03 6.716817317074986022e+03
1.168458509037831891e-03 6.807072390579381135e+03
1.185862825208739216e-03 6.898422159576897684e+03
1.203526380555906784e-03 6.990876030274132972e+03
1.221453036474969911e-03 7.084443372412557437e+03
1.239646711877471748e-03 7.179133406939045017e+03
1.258111384047565359e-03 7.274955272956281988e+03
1.276851089511486835e-03 7.371918072784948890e+03
1.295869924919964460e-03 7.470030868627487507e+03
1.315172047943784011e-03 7.569302679038572933e+03
1.334761678182689107e-03 7.669742475195535917e+03
1.354643098087818676e-03 7.771359110005955699e+03
1.374820653897884963e-03 7.874161198256138960e+03
1.395298756589298268e-03 7.978157253373336061e+03
1.416081882840438799e-03 8.083355711264232923e+03
1.437174576010300702e-03 8.189764925912063518e+03
1.458581447131698013e-03 8.297393164893112044e+03
1.480307175919281463e-03 8.406248600084003556e+03
1.502356511792557166e-03 8.516339156812271540e+03
1.524734274914151151e-03 8.627672472255721004e+03
1.547445357243532873e-03 8.740256050268728359e+03
1.570494723606440362e-03 8.854097265896229146e+03
1.593887412780225577e-03 8.969203359894774621e+03
1.617628538595381697e-03 9.085581433167299110e+03
1.641723291053455739e-03 9.203238419558258101e+03
1.666176937461632743e-03 9.322180900011018821e+03
1.690994823584209645e-03 9.442415177639786634e+03
1.716182374811220813e-03 9.563947374111172394e+03
1.741745097344474334e-03 9.686783424210427256e+03
1.767688579401251051e-03 9.810929069309233455e+03
1.794018492435932831e-03 9.936389850747638775e+03
1.820740592379832849e-03 1.006317103175062039e+04
1.847860720899482251e-03 1.019127739437067794e+04
1.875384806673668957e-03 1.032071342212615309e+04
1.903318866689494458e-03 1.045148335055335156e+04
1.931669007557735478e-03 1.058359115966962963e+04
1.960441426847797826e-03 1.071704056635940469e+04
1.989642414442556462e-03 1.085183501459987201e+04
2.019278353913371484e-03 1.098797753678035588e+04
2.049355723915595538e-03 1.112547065983523862e+04
2.079881099604849980e-03 1.126431657992575674e+04
2.110861154074414152e-03 1.140451717204228225e+04
2.142302659814014198e-03 1.154607398152854694e+04
2.174212490190346233e-03 1.168898821554669303e+04
2.206597620949647849e-03 1.183326071195348777e+04
2.239465131742653190e-03 1.197889164017999792e+04
2.272822207672259461e-03 1.212588056043520191e+04
2.306676140864257016e-03 1.227422662690019206e+04
2.341034332061433989e-03 1.242392858323603105e+04
2.375904292241447051e-03 1.257498475313313429e+04
2.411293644258778388e-03 1.272739303083181767e+04
2.447210124511155736e-03 1.288115080325096278e+04
2.483661584630788514e-03 1.303625465286901454e+04
2.520655993200799500e-03 1.319270057043627276e+04
2.558201437497218105e-03 1.335048405295272096e+04
2.596306125256935514e-03 1.350960009362870187e+04
2.634978386471965601e-03 1.367004317180984435e+04
2.674226675210458325e-03 1.383180724180806101e+04
2.714059571464825984e-03 1.399488552730166884e+04
2.754485783027398656e-03 1.415927027413741416e+04
2.795514147394016075e-03 1.432495308968871541e+04
2.837153633695976580e-03 1.449192498501971932e+04
2.879413344660760373e-03 1.466017636442483672e+04
2.922302518601966378e-03 1.482969701504375189e+04
2.965830531438869936e-03 1.500047607697796229e+04
3.010006898746081863e-03 1.517250162140897919e+04
3.054841277833729527e-03 1.534576062962528340e+04
3.100343469858620089e-03 1.552023936757984484e+04
3.146523421966856016e-03 1.569592339204350355e+04
3.193391229468354759e-03 1.587279754020431028e+04
3.240957138043779138e-03 1.605084591943337182e+04
3.289231545984307344e-03 1.623005181887228719e+04
3.338225006464793764e-03 1.641039720488422972e+04
3.387948229850779036e-03 1.659186300380833200e+04
3.438412086039856295e-03 1.677442933183790956e+04
3.489627606837924882e-03 1.695807548626262724e+04
3.541605988370826776e-03 1.714277993595280714e+04
3.594358593531910440e-03 1.732852031195653399e+04
3.647896954466062040e-03 1.751527319238213022e+04
3.702232775090705339e-03 1.770301368060946334e+04
3.757377933654386989e-03 1.789171586918503453e+04
3.813344485333454610e-03 1.808135293907543019e+04
3.870144664867412702e-03 1.827189715164938752e+04
3.927790889233537946e-03 1.846331984107388780e+04
3.986295760361330265e-03 1.865559139262049212e+04
4.045672067887390311e-03 1.884868068417883478e+04
4.105932791951355694e-03 1.904255488275890457e+04
4.167091106033438477e-03 1.923718009825852641e+04
4.229160379834270844e-03 1.943252142536421161e+04
4.292154182197627059e-03 1.962854293836830402e+04
4.356086284076678312e-03 1.982520768658746601e+04
4.420970661544435312e-03 2.002247759701780160e+04
4.486821498849035209e-03 2.022031257957709022e+04
4.553653191514521643e-03 2.041867087907802852e+04
4.621480349487843038e-03 2.061750963027638500e+04
4.690317800332678873e-03 2.081678486378596790e+04
4.760180592470882391e-03 2.101645150528683371e+04
4.831083998472179841e-03 2.121646337555982973e+04
4.903043518392882598e-03 2.141677281592976578e+04
4.976074883164316454e-03 2.161732950885964237e+04
5.050194058031739174e-03 2.181808156974772282e+04
5.125417246044461014e-03 2.201897593187788516e+04
5.201760891597981794e-03 2.221995835090587570e+04
5.279241684028841870e-03 2.242097341043203414e+04
5.357876561263063935e-03 2.262196452018577111e+04
5.437682713518914197e-03 2.282287321496163349e+04
5.518677587064823448e-03 2.302363859757066894e+04
5.600878888033283300e-03 2.322419843612426848e+04
5.684304586291547695e-03 2.342448929830373163e+04
5.768972919369986206e-03 2.362444656436093283e+04
5.854902396448978183e-03 2.382400444149929899e+04
5.942111802405130976e-03 2.402309584907422322e+04
6.030620201917835307e-03 2.422165048637930158e+04
6.120446943636947100e-03 2.441959519198964699e+04
6.211611664412559387e-03 2.461685553120426266e+04
6.304134293587775051e-03 2.481335586409999451e+04
6.398035057355424930e-03 2.500901937020262631e+04
6.493334483179668930e-03 2.520376807493965316e+04
6.590053404283487126e-03 2.539752241910481462e+04
6.688212964202956863e-03 2.559019910252893897e+04
6.787834621409426922e-03 2.578171273206733531e+04
6.888940154000501234e-03 2.597197676480803784e+04
6.991551664460905931e-03 2.616090354698186275e+04
7.095691584494277088e-03 2.634840435398087720e+04
7.201382679926907407e-03 2.653438942667033189e+04
7.308648055684531693e-03 2.671876636932087422e+04
7.417511160843282166e-03 2.690143787347294347e+04
7.527995793755798935e-03 2.708230502075480399e+04
7.640126107253772392e-03 2.726126789387129247e+04
7.753926613927940997e-03 2.743822563463089318e+04
7.869422191486738841e-03 2.761307650462920355e+04
7.986638088194763022e-03 2.778571784235967425e+04
8.105599928392243081e-03 2.795604347480861179e+04
8.226333718096756273e-03 2.812394352474022162e+04
8.348865850688310178e-03 2.828930722416523713e+04
8.473223112679175231e-03 2.845202313461631638e+04
8.599432689569622493e-03 2.861197922978034694e+04
8.727522171790904129e-03 2.876906298115021127e+04
8.857519560736732550e-03 2.892316068180936782e+04
8.989453274884616485e-03 2.907415207393119272e+04
9.123352156008358513e-03 2.922191350868451991e+04
9.259245475483136520e-03 2.936632099411389936e+04
9.397162940684405941e-03 2.950725032693181129e+04
9.537134701482211790e-03 2.964457720840877664e+04
9.679191356832183776e-03 2.977817736322022392e+04
9.823363961464709818e-03 2.990792474744561332e+04
9.969684032673753818e-03 3.003368729387777785e+04
1.011818355720679394e-02 3.015533192794516435e+04
1.026889499825736629e-02 3.027272596987218640e+04
1.042185130256182042e-02 3.038573728407011367e+04
1.057708590760169515e-02 3.049423443213021892e+04
1.073463274891344951e-02 3.059808672335831943e+04
1.089452626750702681e-02 3.069715935466541487e+04
1.105680141739496386e-02 3.079131131598231877e+04
1.122149367323359119e-02 3.088040223778257132e+04
1.138863903807809524e-02 3.096429313587881552e+04
1.155827405125306635e-02 3.104284660570209962e+04
1.173043579634031920e-02 3.111592701990364003e+04
1.190516190928561646e-02 3.118340013395759524e+04
1.208249058662621937e-02 3.124512682003133887e+04
1.226246059384095491e-02 3.130096565842649579e+04
1.244511127382465568e-02 3.135077767568092895e+04
1.263048255548884259e-02 3.139442665834211948e+04
1.281861496249050471e-02 3.143177938968900708e+04
1.300954962209087580e-02 3.146270588842497455e+04
1.320332827414624592e-02 3.148707764836160641e+04
1.339999328023255311e-02 3.150476079260476763e+04
1.359958763290601211e-02 3.151562281430004077e+04
1.380215496510162759e-02 3.151953541759063228e+04
1.400773955967169609e-02 3.151637479031642215e+04
1.421638635906640087e-02 3.150602187650973428e+04
1.442814097515860046e-02 3.148836262075146078e+04
1.464304969921492033e-02 3.146328508435961703e+04
1.486115951201546700e-02 3.143067680943547748e+04
1.508251809412411958e-02 3.139043053358815450e+04
1.530717383631194188e-02 3.134244516933240084e+04
1.553517585013577083e-02 3.128662608765343612e+04
1.576657397867441482e-02 3.122288539722672431e+04
1.600141880742474154e-02 3.115114211017663183e+04
1.623976167536007875e-02 3.107132054041302035e+04
1.648165468615331308e-02 3.098335083800796201e+04
1.672715071956723532e-02 3.088717093994605602e+04
1.697630344301438374e-02 3.078272688425041270e+04
1.722916732328924616e-02 3.066997305585383947e+04
1.748579763847511737e-02 3.054887242221518318e+04
1.774625049002833896e-02 3.041939763572195443e+04
1.801058281504252026e-02 3.028153591638272337e+04
1.827885239869545680e-02 3.013528574885207854e+04
1.855111788688142138e-02 2.998065483906221561e+04
1.882743879903167605e-02 2.981766025613408419e+04
1.910787554112582456e-02 2.964632856408993393e+04
1.939248941889710337e-02 2.946669595199810647e+04
1.968134265123428622e-02 2.927881556574915885e+04
1.997449838378324155e-02 2.908276900277726600e+04
2.027202070275108473e-02 2.887864999797230848e+04
2.057397464891590547e-02 2.866656127993932751e+04
2.088042623184530391e-02 2.844661451818844580e+04
2.119144244432647622e-02 2.821893025289431534e+04
2.150709127701147874e-02 2.798363866774214330e+04
2.182744173328048445e-02 2.774090510207335683e+04
2.215256384432651160e-02 2.749093319475362659e+04
2.248252868446478508e-02 2.723393451939762599e+04
2.281740838667015506e-02 2.697012648663224900e+04
2.315727615834594147e-02 2.669973202887545995e+04
2.350220629732772612e-02 2.642297927690559663e+04
2.385227420812535692e-02 2.614010779571549938e+04
2.420755641840703284e-02 2.585142057737798314e+04
2.456813059572888688e-02 2.555725308245233828e+04
2.493407556451370660e-02 2.525794030012344592e+04
2.530547132328261895e-02 2.495381590909493025e+04
2.568239906214337537e-02 2.464521176161681797e+04
2.606494118053917855e-02 2.433245738725023330e+04
2.645318130526192954e-02 2.401590646622047279e+04
2.684720430873360070e-02 2.369600443786587130e+04
2.724709632756010941e-02 2.337320787961958558e+04
2.765294478136145345e-02 2.304796119203504350e+04
2.806483839188235116e-02 2.272069608799976413e+04
2.848286720238753580e-02 2.239183114706562628e+04
2.890712259734591269e-02 2.206177238406039396e+04
2.933769732240794695e-02 2.173096990245925917e+04
2.977468550468069866e-02 2.139994563920907240e+04
3.021818267330464436e-02 2.106920579902097961e+04
3.066828578033706232e-02 2.073923256692310679e+04
3.112509322194679726e-02 2.041048411343150656e+04
3.158870485992428673e-02 2.008339470069204981e+04
3.205922204351199095e-02 1.975838357592940883e+04
3.253674763156055860e-02 1.943596190872117950e+04
3.302138601501413556e-02 1.911669170447340366e+04
3.351324313973153002e-02 1.880110073860553166e+04
3.401242652964637375e-02 1.848968159823436508e+04
3.451904531027318035e-02 1.818289275852263745e+04
3.503321023256258937e-02 1.788115977861803185e+04
3.555503369711285333e-02 1.758486553516778076e+04
3.608462977874130062e-02 1.729430832036502397e+04
3.662211425142186672e-02 1.700974487721392870e+04
3.716760461359461254e-02 1.673140989678231563e+04
3.772122011385137252e-02 1.645951727320939244e+04
3.828308177700491532e-02 1.619426137147905320e+04
3.885331243054546135e-02 1.593581880377932794e+04
3.943203673149223154e-02 1.568443206253803510e+04
4.001938119364424618e-02 1.544049578665807167e+04
4.061547421523706985e-02 1.520439658082535425e+04
4.122044610701219858e-02 1.497649255719980283e+04
4.183442912070346742e-02 1.475711609688812132e+04
4.245755747794888874e-02 1.454657666866393629e+04
4.308996739963206341e-02 1.434510859120865643e+04
4.373179713566170690e-02 1.415249185817640318e+04
4.438318699519359228e-02 1.396830708770037199e+04
4.504427937730384052e-02 1.379215509140077120e+04
4.571521880211823485e-02 1.362365689328281042e+04
4.639615194240526153e-02 1.346245240408125392e+04
4.708722765564053031e-02 1.330815628340514559e+04
4.778859701654752934e-02 1.316016273381222345e+04
4.850041335012451188e-02 1.301781076916747406e+04
4.922283226516181026e-02 1.288046804669357880e+04
4.995601168825986038e-02 1.274752872401961940e+04
5.070011189835292587e-02 1.261840898445389030e+04
5.145529556174708447e-02 1.249248236345508303e+04
5.222172776768106012e-02 1.236907685710423721e+04
5.299957606441531993e-02 1.224754266480425213e+04
5.378901049586019140e-02 1.212725462018265534e+04
5.459020363874809989e-02 1.200760714563937654e+04
5.540333064036093852e-02 1.188790041593259230e+04
5.622856925681831569e-02 1.176733362176747141e+04
5.706609989193621446e-02 1.164513305254383886e+04
5.791610563666544503e-02 1.152055982676560780e+04
5.877877230911594114e-02 1.139289378831396607e+04
5.965428849517897397e-02 1.126132405103222300e+04
6.054284558975266822e-02 1.112502868638393920e+04
6.144463783858332417e-02 1.098323872218763427e+04
6.235986238072829813e-02 1.083524403534579324e+04
6.328871929165286181e-02 1.068045025344212263e+04
6.423141162696807682e-02 1.051839008447380183e+04
6.518814546681996058e-02 1.034866302392388570e+04
6.615912996094117093e-02 1.017093783623291893e+04
6.714457737437176665e-02 9.985105370938925262e+03
6.814470313386311595e-02 9.791351799696285525e+03
6.915972587497092039e-02 9.589928359455012469e+03
7.018986748985152346e-02 9.381140599484377162e+03
7.123535317576901171e-02 9.165633919525260353e+03
7.229641148432476572e-02 8.944385605686244162e+03
7.337327437142154851e-02 8.718364625266922303e+03
7.446617724796994464e-02 8.488558197855425533e+03
7.557535903135205457e-02 8.256259227537857441e+03
7.670106219764978583e-02 8.022824964741159420e+03
7.784353283465311746e-02 7.789512058012295711e+03
7.900302069565577623e-02 7.557651813802744073e+03
8.017977925405431194e-02 7.328716506762349127e+03
8.137406575875896775e-02 7.104041088457158367e+03
8.258614129042998742e-02 6.884883905529266485e+03
8.381627081855295980e-02 6.672621750464767501e+03
8.506472325936202672e-02 6.468510048237281808e+03
8.633177153462846809e-02 6.273631556016981449e+03
8.761769263132226926e-02 6.088917466347464142e+03
8.892276766216485051e-02 5.915170925813827125e+03
9.024728192708210417e-02 5.753081525975830118e+03
9.159152497557276895e-02 5.603233062575346594e+03
9.295579067000737938e-02 5.465809823353829415e+03
9.434037724986771289e-02 5.340627961903957839e+03
9.574558739694562226e-02 5.227511422258535276e+03
9.717172830151037111e-02 5.126143413996344862e+03
9.861911172946428994e-02 5.035533973220261942e+03
1.000880540904959259e-01 4.954600733982184465e+03
1.015788765072509620e-01 4.882310823434235317e+03
1.030919048855317155e-01 4.817180991616042775e+03
1.046274699855422319e-01 4.757479713529804030e+03
1.061859074941963327e-01 4.701556453479523952e+03
1.077675580985001519e-01 4.647636371599559425e+03
1.093727675600303928e-01 4.593821917144643521e+03
1.110018867905192136e-01 4.538297674115612608e+03
1.126552719285676268e-01 4.479437663788379723e+03
1.143332844174997226e-01 4.415814084321223163e+03
1.160362910843765055e-01 4.346128332061218316e+03
1.177646642201886223e-01 4.269536655047423665e+03
1.195187816612405529e-01 4.185570975252862809e+03
1.212990268717503289e-01 4.093933933309886925e+03
1.231057890276762851e-01 3.994848092804400949e+03
1.249394631017956420e-01 3.888782386677326485e+03
1.268004499500471338e-01 3.776439249699787069e+03
1.286891563991627851e-01 3.658999900940761108e+03
1.306059953356029368e-01 3.537707438401720538e+03
1.325513857958158237e-01 3.414288232666074236e+03
1.345257530578438943e-01 3.290734908231116151e+03
1.365295287342912778e-01 3.169024236655245204e+03
1.385631508666795575e-01 3.051433307220097959e+03
1.406270640212052836e-01 2.939990764783523900e+03
1.427217193859274535e-01 2.836308734142512549e+03
1.448475748694001142e-01 2.741681238278127694e+03
1.470050952007741218e-01 2.656745606978637625e+03
1.491947520313924302e-01 2.581510998597030721e+03
1.514170240378948651e-01 2.515690313510242959e+03
1.536723970268626949e-01 2.458456594408473848e+03
1.559613640410179025e-01 2.408890009322039987e+03
1.582844254670080220e-01 2.365763460132735872e+03
1.606420891447939703e-01 2.327762721743035854e+03
1.630348704786670766e-01 2.293170010212914349e+03
1.654632925499226470e-01 2.260161755373443611e+03
1.679278862312073850e-01 2.226655821899871626e+03
1.704291903025748345e-01 2.190650482029786872e+03
1.729677515692646661e-01 2.150566036117874773e+03
1.755441249812410565e-01 2.105263631151753088e+03
1.781588737545068413e-01 2.054477780809581418e+03
1.808125694942291917e-01 1.998432680407578573e+03
1.835057923196962704e-01 1.937944181349407700e+03
1.862391309911349546e-01 1.874098516774213977e+03
1.890131830384207956e-01 1.808218031343503526e+03
1.918285548917003092e-01 1.741866101146338224e+03
1.946858620139642060e-01 1.676715376675988409e+03
1.975857290355897133e-01 1.614508213021082838e+03
2.005287898908922339e-01 1.556732474647148592e+03
2.035156879567077415e-01 1.504448664295298386e+03
2.065470761930386923e-01 1.458103392152808055e+03
2.096236172857990354e-01 1.417634832498032438e+03
2.127459837916798047e-01 1.382502264636657401e+03
2.159148582851783960e-01 1.351852248127970824e+03
2.191309335078117648e-01 1.324538293507113167e+03
2.223949125195584520e-01 1.299087859618057109e+03
2.257075088525499762e-01 1.273909565833879697e+03
2.290694466670575580e-01 1.247485319437608496e+03
2.324814609097981266e-01 1.218767081197745028e+03
2.359442974745985244e-01 1.187312120852153157e+03
2.394587133654565159e-01 1.153234318666779927e+03
2.430254768620248862e-01 1.117040206203299476e+03
2.466453676875668966e-01 1.079476300911522003e+03
2.503191771794064380e-01 1.041517447608281827e+03
2.540477084619240933e-01 1.004328656002513526e+03
2.578317766221251972e-01 9.691150993720380029e+02
2.616722088878229990e-01 9.367801408706995971e+02
2.655698448084803931e-01 9.077171181640283066e+02
2.695255364387389441e-01 8.818162313622799502e+02
2.735401485246882203e-01 8.586143440302146246e+02
2.776145586929025799e-01 8.374404477966754712e+02
2.817496576423014765e-01 8.174509749370270129e+02
2.859463493388591515e-01 7.977041163349433646e+02
2.902055512132227233e-01 7.773684748405735263e+02
2.945281943612680919e-01 7.559620887778846736e+02
2.989152237476437879e-01 7.334478504479536696e+02
3.033675984123512248e-01 7.101410005414151101e+02
3.078862916803944416e-01 6.865677826268765784e+02
3.124722913745612840e-01 6.633702970259648737e+02
3.171266000313647249e-01 6.411879389010176737e+02
3.218502351202096046e-01 6.204837534603408358e+02
3.266442292658177649e-01 6.014300472854595228e+02
3.315096304739664768e-01 5.839287295775692428e+02
3.364475023605951187e-01 5.676770884713573651e+02
3.414589243843154098e-01 5.522053034332201378e+02
3.465449920823945318e-01 5.369775829581448079e+02
3.517068173102434470e-01 5.215974599885711314e+02
3.569455284844820775e-01 5.059391997743658749e+02
3.622622708296181493e-01 4.900884793200107197e+02
3.676582066284005412e-01 4.742491554068267874e+02
3.731345154759085903e-01 4.587321272502546776e+02
3.786923945374152667e-01 4.438779229208592483e+02
3.843330588101029344e-01 4.298743913145643774e+02
3.900577413886659461e-01 4.167068548434490367e+02
3.958676937348805658e-01 4.042591868559110821e+02
4.017641859511791314e-01 3.923347711148548456e+02
4.077485070583095061e-01 3.806684105287532134e+02
4.138219652771232826e-01 3.690819203103645236e+02
4.199858883145614064e-01 3.575546521339484798e+02
4.262416236539065539e-01 3.461446289917028025e+02
4.325905388493479498e-01 3.349821877489805502e+02
4.390340218249458304e-01 3.242271866773816669e+02
4.455734811780366345e-01 3.139429719778231060e+02
4.522103464871691791e-01 3.041258457461852345e+02
4.589460686246198962e-01 2.947261828585926082e+02
4.657821200735625111e-01 2.856104537245707888e+02
4.727199952499705482e-01 2.766846027693984524e+02
4.797612108293022315e-01 2.679301928938841115e+02
4.869073060780645390e-01 2.593408313476477360e+02
4.941598431903023170e-01 2.509822629340176547e+02
5.015204076291137625e-01 2.429160850375385223e+02
5.089906084732384040e-01 2.351435025482638252e+02
5.165720787688202753e-01 2.276687347532944443e+02
5.242664758864032937e-01 2.204400807657706878e+02
5.320754818832421629e-01 2.134080566431129569e+02
5.400008038710207847e-01 2.065590387411915287e+02
5.480441743890324124e-01 1.998788680791671766e+02
5.562073517829354552e-01 1.934008369203681070e+02
5.644921205891330063e-01 1.871308401748845256e+02
5.729002919248946668e-01 1.810711020147712134e+02
5.814337038842780636e-01 1.752160625146772190e+02
5.900942219399477606e-01 1.695559446782068278e+02
5.988837393509905960e-01 1.640676100988993085e+02
6.078041775767880628e-01 1.587420409924281159e+02
6.168574866970718551e-01 1.535755671924353294e+02
6.260456458382184231e-01 1.485645321559229046e+02
6.353706636059107682e-01 1.437052975911212229e+02
6.448345785242263206e-01 1.389942477796070648e+02
6.544394594812833477e-01 1.344277936017490447e+02
6.641874061815131736e-01 1.300023762747887019e+02
6.740805496046682332e-01 1.257144708130381474e+02
6.841210524716806463e-01 1.215605892197967250e+02
6.943111097174403668e-01 1.175372834207146155e+02
7.046529489706347960e-01 1.136411479483529803e+02
7.151488310407181359e-01 1.098688223877327488e+02
7.258010504121497064e-01 1.062169935926402928e+02
7.366119357459837147e-01 1.026823954479772993e+02
7.475838503889291609e-01 9.926164748473361499e+01
7.587191928900061111e-01 9.595117350710992810e+01
7.700203975248769428e-01 9.274748280993611615e+01
7.814899348280092140e-01 8.964719538450204084e+01
7.931303121327434313e-01 8.664703832572541842e+01
8.049440741194284765e-01 8.374384236060990361e+01
8.169338033716961878e-01 8.093453849371071840e+01
8.291021209410466275e-01 7.821615476547860624e+01
8.414516869198259696e-01 7.558581311950031534e+01
8.539852010227395596e-01 7.304072637481381491e+01
8.667054031770425881e-01 7.057819529959964200e+01
8.796150741214969759e-01 6.819560578270093743e+01
8.927170360142764327e-01 6.589042609954951502e+01
9.060141530499005169e-01 6.366020426919503450e+01
9.195093320853812147e-01 6.150256609941221342e+01
9.332055232756810703e-01 5.941524049531424367e+01
9.471057207186356353e-01 5.739606417732404253e+01
9.612129631094988857e-01 5.544293783935938791e+01
9.755303344052133063e-01 5.355382131484255126e+01
9.900609644986013702e-01 5.172673214485463689e+01
1.004808029902571231e+00 4.995974417117346889e+01
1.019774754444541021e+00 4.825098615420029091e+01
1.034964409971187438e+00 4.659864041573178639e+01
1.050380317063692281e+00 4.500094150653340819e+01
1.066025845763662439e+00 4.345617489863577276e+01
1.081904416309831474e+00 4.196267570225725052e+01
1.098019499885767747e+00 4.051882740724651910e+01
1.114374619378687203e+00 3.912306064890614010e+01
1.130973350149601320e+00 3.777385199805712546e+01
1.147819320814902344e+00 3.646972260804770372e+01
1.164916214039624309e+00 3.520923177650744407e+01
1.182267767342495501e+00 3.399097559173291216e+01
1.199877773912984891e+00 3.281359270396966821e+01
1.217750083440538145e+00 3.167576352713285104e+01
1.235888602956134008e+00 3.057620903877344176e+01
1.254297297686409962e+00 2.951368961148630987e+01
1.272980191920475512e+00 2.848700387504664278e+01
1.291941369889669344e+00 2.749498760857504109e+01
1.311184976660398460e+00 2.653651266204403569e+01
1.330715219040276898e+00 2.561048590644896805e+01
1.350536366497782970e+00 2.471584821197966164e+01
1.370652752095582017e+00 2.385157345353986358e+01
1.391068773437787121e+00 2.301666754297486861e+01
1.411788893631291009e+00 2.221016748737710245e+01
1.432817642261458024e+00 2.143114049421932421e+01
1.454159616382306730e+00 2.067868356370987470e+01
1.475819481521482457e+00 1.995192255155476602e+01
1.497801972700169459e+00 1.925001077390289694e+01
1.520111895468199137e+00 1.857212817300814933e+01
1.542754126954598348e+00 1.791748053097038351e+01
1.565733616933749461e+00 1.728529870469444418e+01
1.589055388907471000e+00 1.667483788157262126e+01
1.612724541203175432e+00 1.608537685540283135e+01
1.636746248088422950e+00 1.551621732206396054e+01
1.661125760902049775e+00 1.496668319447871554e+01
1.685868409202144980e+00 1.443611993640142011e+01
1.710979601931154948e+00 1.392389391457995629e+01
1.736464828598298427e+00 1.342939176884419616e+01
1.762329660479640348e+00 1.295201979968785366e+01
1.788579751835995824e+00 1.249120335504816737e+01
1.815220841149018716e+00 1.204638595113962118e+01
1.842258752375658171e+00 1.161702880264383531e+01
1.869699396221341514e+00 1.120261057555450535e+01
1.897548771432095771e+00 1.080262685906355458e+01
1.925812966105909352e+00 1.041658964247327646e+01
1.954498159023664305e+00 1.004402680725168473e+01
1.983610620999839647e+00 9.684481633831495628e+00
2.013156716253389877e+00 9.337512322762504979e+00
2.043142903798987664e+00 9.002691529836921447e+00
2.073575738859038342e+00 8.679605914814093381e+00
2.104461874296697843e+00 8.367855703381538390e+00
2.135808062070227109e+00 8.067054261996325693e+00
2.167621154709053588e+00 7.776827685260323975e+00
2.199908106811757857e+00 7.496814395489101557e+00
2.232675976566435239e+00 7.226664752350503207e+00
2.265931927293643788e+00 6.966040652853634718e+00
2.299683229012388086e+00 6.714615176007383113e+00
2.333937260029394611e+00 6.472072247961424551e+00
2.368701508552057078e+00 6.238106297679890666e+00
2.403983574325445183e+00 6.012421922480497116e+00
2.439791170293639677e+00 5.794733563648199137e+00
2.476132124285876479e+00 5.584765191841693621e+00
2.513014380727738750e+00 5.382250002018690971e+00
2.550446002377908528e+00 5.186930117613186120e+00
2.588435172090713721e+00 4.998556303703862724e+00
2.626990194604998496e+00 4.816887688919692323e+00
2.666119498359592832e+00 4.641691495835459591e+00
2.705831637335822659e+00 4.472742779615741959e+00
2.746135292927512239e+00 4.309824174672543862e+00
2.787039275838767871e+00 4.152725642701098785e+00
2.828552528010110034e+00 4.001244171111586923e+00
2.870684124573211093e+00 3.855183579862810017e+00
2.913443275834829649e+00 3.714354346334111767e+00
2.956839329290241736e+00 3.578573388010188427e+00
3.000881771666663145e+00 3.447663851203159879e+00
3.045580230997162019e+00 3.321454906405103102e+00
3.090944478725380140e+00 3.199781550074802361e+00
3.136984431841694398e+00 3.082484412667599205e+00
3.183710155051107105e+00 2.969409572722617519e+00
3.231131862973512181e+00 2.860408376826702348e+00
3.279259922376655645e+00 2.755337265279438341e+00
3.328104854442426763e+00 2.654057603288439093e+00
3.377677337066862240e+00 2.556435517528792722e+00
3.427988207194398118e+00 2.462341737905229255e+00
3.479048463186958262e+00 2.371651442686774747e+00
3.530869267228235131e+00 2.284244097194562340e+00
3.583461947763881383e+00 2.200003319570302818e+00
3.636838001977951151e+00 2.118816750471768984e+00
3.691009098306321068e+00 2.040575918357168117e+00
3.745987078987484953e+00 1.965176109030643881e+00
3.801783962651342552e+00 1.892516239401558664e+00
3.858411946946616045e+00 1.822498735327865660e+00
3.915883411207301101e+00 1.755029413417569017e+00
3.974210919158943423e+00 1.690017366666121568e+00
4.033407221665112452e+00 1.627374853810886757e+00
4.093485259514903163e+00 1.567017192287575300e+00
4.154458166251838058e+00 1.508862654676515147e+00
4.216339271045016268e+00 1.452832368530332818e+00
4.279142101602956494e+00 1.398850219477331347e+00
4.342880387130836795e+00 1.346842755666112890e+00
4.407568061331867959e+00 1.296739085881268405e+00
4.473219265453250770e+00 1.248470801301497124e+00
4.539848351377624880e+00 1.201971897225229791e+00
4.607469884760446277e+00 1.157178690839672175e+00
4.676098648214215281e+00 1.114029741680801155e+00
4.745749644540044443e+00 1.072465774731616639e+00
4.816438100007372825e+00 1.032429606074526607e+00
4.888179467682606472e+00 9.938660710163919054e-01
4.960989430807216216e+00 9.567219546071026315e-01
5.034883906226290229e+00 9.209459244750884954e-01
5.109879047868014723e+00 8.864884659054198535e-01
5.185991250275123754e+00 8.533018190885270915e-01
5.263237152188804835e+00 8.213399184695546751e-01
5.341633640186127963e+00 7.905583341308002332e-01
5.421197852371561154e+00 7.609142139186918508e-01
5.501947182123465119e+00 7.323662227776517319e-01
5.583899281896495204e+00 7.048744955463299711e-01
5.667072067080497710e+00 6.784005888283390906e-01
5.751483719917029447e+00 6.529074314544669466e-01
5.837152693474067178e+00 6.283592766177940048e-01
5.924097715680064269e+00 6.047216556330153869e-01
6.012337793418002008e+00 5.819613332666354610e-01
6.101892216680409931e+00 5.600462645864261457e-01
6.192780562786392551e+00 5.389455532801386006e-01
6.285022700661302864e+00 5.186294113950904450e-01
6.378638795180328280e+00 4.990691204516857771e-01
6.473649311576622267e+00 4.802369938855382547e-01
6.570075019915234016e+00 4.621063407741743956e-01
6.667936999633583106e+00 4.446514308058296949e-01
6.767256644149560962e+00 4.278474597502030519e-01
6.868055665538387089e+00 4.116705141279549118e-01
6.970356099278944839e+00 3.960975425726243060e-01
7.074180309071012474e+00 3.811063265433238811e-01
7.179550991724054754e+00 3.666754508430193349e-01
7.286491182119021914e+00 3.527842751551406586e-01
7.395024258243862114e+00 3.394129065648829324e-01
7.505173946304229737e+00 3.265421730320860472e-01
7.616964325910181799e+00 3.141535977836582005e-01
7.730419835340138768e+00 3.022293745945346943e-01
7.845565276883383454e+00 2.907523439272202692e-01
7.962425822261928410e+00 2.797059699008916378e-01
8.081027018133374540e+00 2.690743180620048247e-01
8.201394791675495455e+00 2.588420339292679673e-01
8.323555456254236873e+00 2.489943222867457562e-01
8.447535717175977510e+00 2.395169268317905165e-01
8.573362677525491193e+00 2.303961097978277361e-01
8.701063844090993982e+00 2.216186346935689333e-01
8.830667133377236411e+00 2.131717487657225629e-01
8.962200877708395907e+00 2.050431656379073653e-01
9.095693831421620246e+00 1.972210485596137541e-01
9.231175177153101430e+00 1.896939942443053029e-01
9.368674532217484696e+00 1.824510172764568505e-01
9.508221955082589716e+00 1.754815350679654329e-01
9.649847951940364155e+00 1.687753533450680188e-01
9.793583483375742915e+00 1.623226521474884776e-01
9.939459971135002903e+00 1.561139723221793840e-01
1.008750930499466136e+01 1.501402024945919234e-01
1.023776384973299258e+01 1.443925665009957171e-01
1.039025645220507421e+01 1.388626112658886413e-01
1.054502044852351084e+01 1.335421947890549077e-01
1.070208967134591660e+01 1.284234741404725322e-01
1.086149845727095276e+01 1.234988956079651062e-01
1.102328165434471252e+01 1.187611844565146513e-01
1.118747462967863804e+01 1.142033347882666500e-01
1.135411327718121832e+01 1.098185997643846279e-01
1.152323402540450736e+01 1.056004821761142715e-01
1.169487384550788356e+01 1.015427253528431162e-01
1.186907025934005944e+01 9.763930439537311934e-02
1.204586134764182503e+01 9.388441772299772892e-02
1.222528575837072751e+01 9.027247892339616830e-02
1.240738271514976709e+01 8.679810889471299695e-02
1.259219202584215047e+01 8.345612826956179398e-02
1.277975409125343376e+01 8.024155011104318336e-02
1.297010991396363977e+01 7.714957287105653205e-02
1.316330110729057523e+01 7.417557340766550711e-02
1.335936990438699645e+01 7.131510011040220753e-02
1.355835916747305347e+01 6.856386713122003540e-02
1.376031239720623667e+01 6.591774840643001288e-02
1.396527374219113860e+01 6.337277178351424789e-02
1.417328800863051619e+01 6.092511336037591957e-02
1.438440067012046164e+01 5.857109202948311555e-02
1.459865787759112088e+01 5.630716421961899643e-02
1.481610646939581422e+01 5.412991882821698020e-02
1.503679398155022362e+01 5.203607233749418803e-02
1.526076865812404648e+01 5.002246410783203756e-02
1.548807946178775197e+01 4.808605184209133881e-02
1.571877608451596764e+01 4.622390721475960751e-02
1.595290895845079504e+01 4.443321166004707279e-02
1.619052926692643979e+01 4.271125231284815527e-02
1.643168895565854015e+01 4.105541795606947736e-02
1.667644074409967558e+01 3.946319507665736748e-02
1.692483813696448181e+01 3.793216457535471958e-02
1.717693543592611860e+01 3.645999831886249931e-02
1.743278775148696624e+01 3.504445576184849614e-02
1.769245101502643180e+01 3.368338069265230245e-02
1.795598199102775538e+01 3.237469809823285971e-02
1.822343828948744715e+01 3.111641114405178446e-02
1.849487837850901784e+01 2.990659826474524607e-02
1.877036159708482543e+01 2.874341036158534549e-02
1.904994816806794944e+01 2.762506810286689818e-02
1.933369921133730074e+01 2.654985932349969088e-02
1.962167675715913973e+01 2.551613652021508458e-02
1.991394375974713427e+01 2.452231443892576371e-02
2.021056411102492589e+01 2.356686775025695207e-02
2.051160265459315468e+01 2.264832871350763721e-02
2.081712519990505328e+01 2.176528493678041298e-02
2.112719853665266001e+01 2.091637750426411993e-02
2.144189044936781485e+01 2.010029899982222062e-02
2.176126973224031858e+01 1.931579157676863862e-02
2.208540620415677580e+01 1.856164509911864546e-02
2.241437072396382391e+01 1.783669535170355133e-02
2.274823520595814585e+01 1.713982231663102943e-02
2.308707263560783929e+01 1.646994851366476165e-02
2.343095708550728062e+01 1.582603740218253840e-02
2.377996373157031584e+01 1.520709184245937901e-02
2.413416886946416540e+01 1.461215261410006051e-02
2.449364993128815726e+01 1.404029698952739130e-02
2.485848550250131339e+01 1.349063736050592176e-02
2.522875533910140433e+01 1.296231991462733039e-02
2.560454038506062346e+01 1.245452326828562495e-02
2.598592279002020433e+01 1.196645718945377711e-02
2.637298592724939539e+01 1.149736158709408103e-02
2.676581441187114052e+01 1.104650538955562200e-02
2.716449411935994718e+01 1.061318544705378009e-02
2.756911220431483045e+01 1.019672547524844847e-02
2.797975711951186284e+01 9.796475038397743987e-03
2.839651863524099440e+01 9.411808570620282602e-03
2.881948785893019505e+01 9.042124433852168075e-03
2.924875725506263535e+01 8.686844011137688851e-03
2.968442066538978708e+01 8.345410833941854095e-03
3.012657332944634447e+01 8.017289742221314283e-03
3.057531190537019938e+01 7.701966076036933020e-03
3.103073449103250780e+01 7.398944897535437645e-03
3.149294064548310246e+01 7.107750240887804848e-03
3.196203141071439546e+01 6.827924325601136303e-03
3.243810933375048933e+01 6.559026843984159388e-03
3.292127848906428511e+01 6.300634397498639308e-03
3.341164450132946939e+01 6.052339860854484381e-03
3.390931456851046022e+01 5.813751761498267036e-03
3.441439748529717946e+01 5.584493682576354215e-03
3.492700366688820424e+01 5.364203688491484857e-03
3.544724517312832290e+01 5.152533772204609223e-03
3.597523573300610167e+01 4.949149323465071477e-03
3.651109076951544807e+01 4.753728617183038650e-03
3.705492742488856095e+01 4.565962321187036835e-03
3.760686458620360639e+01 4.385553022637937899e-03
3.816702291137487180e+01 4.212214772397807755e-03
3.873552485552937696e+01 4.045672646678295271e-03
3.931249469777630168e+01 3.885662323484996399e-03
3.989805856837593012e+01 3.731929613584582164e-03
4.049234447631215517e+01 3.584230065947684694e-03
4.109548233727685584e+01 3.442328678905500535e-03
4.170760400206992102e+01 3.305999542479065145e-03
4.232884328542344576e+01 3.175025488759223354e-03
4.295933599525443469e+01 3.049197755661304382e-03
4.359921996235335939e+01 2.928315663545183987e-03
4.424863507051550471e+01 2.812186304210289711e-03
4.490772328712017725e+01 2.700624241794470724e-03
4.557662869416651574e+01 2.593451225122830623e-03
4.625549751977031576e+01 2.490495911070300921e-03
4.694447817013134028e+01 2.391593598518107489e-03
4.764372126197545043e+01 2.296585972500344870e-03
4.835337965548124828e+01 2.205320858152066531e-03
4.907360848769622663e+01 2.117651982024126855e-03
4.980456520645078911e+01 2.033438694062314825e-03
5.054640960477818368e+01 1.952545755002426438e-03
5.129930385584587071e+01 1.874843186183160855e-03
5.206341254840855015e+01 1.800206068580014872e-03
5.283890272278794242e+01 1.728514346625835245e-03
5.362594390738972550e+01 1.659652639621302713e-03
5.442470815576356102e+01 1.593510060441883291e-03
5.523537008421510563e+01 1.529980041259061284e-03
5.605810690997918755e+01 1.468960166004594026e-03
5.689309848996019525e+01 1.410352009317074589e-03
5.774052736005099007e+01 1.354060981720124060e-03
5.860057877503594881e+01 1.299996180791318425e-03
5.947344074908994571e+01 1.248070248090167545e-03
6.035930409687897935e+01 1.198199231622541511e-03
6.125836247527445977e+01 1.150302451180580492e-03
6.217081242568796284e+01 1.104302327103774337e-03
6.309685341703629291e+01 1.060124270926177288e-03
6.403668788934788836e+01 1.017696613949000805e-03
6.499052129801690114e+01 9.769504946959214637e-04
6.595856215871829420e+01 9.378197490860549048e-04
6.694102209299016693e+01 9.002408049117478902e-04
6.793811587449670242e+01 8.641525804515871618e-04
6.895006147597914037e+01 8.294963870558611993e-04
6.997708011690592400e+01 7.962158355480704764e-04
7.101939631183400081e+01 7.642567462923542448e-04
7.207723791948841097e+01 7.335670627826158764e-04
7.315083619257518421e+01 7.040967686148402608e-04
7.424042582833395443e+01 6.757978077096222841e-04
7.534624501984566791e+01 6.486240076571129966e-04
7.646853550810256195e+01 6.225310034245435872e-04
7.760754263485549131e+01 5.974761305656767565e-04
7.876351539624735665e+01 5.734183730713582209e-04
7.993670649724515442e+01 5.503183308229594659e-04
8.112737240688433360e+01 5.281381566025719924e-04
8.233577341433385754e+01 5.068414947478188390e-04
8.356217368579865479e+01 4.863934222470590982e-04
8.480684132226734562e+01 4.667603921767332371e-04
8.607004841812224072e+01 4.479101793867552189e-04
8.735207112062104784e+01 4.298118283435688625e-04
8.865318969026429841e+01 4.124356030442660574e-04
8.997368856206371390e+01 3.957529389186264699e-04
9.131385640772087697e+01 3.797363966393563803e-04
9.267398619873347343e+01 3.643596177640514742e-04
9.405437527044244916e+01 3.495972821354807161e-04
9.545532538702981640e+01 3.354250643058183552e-04
9.687714280748785711e+01 3.218195661747105655e-04
9.832013835257072287e+01 3.087582954614924175e-04
9.978462747274042499e+01 2.962196517865885322e-04
1.012709303171280908e+02 2.841828914426482795e-04
1.027793718035205188e+02 2.726280931954560920e-04
1.043102816893912888e+02 2.615361254684151013e-04
1.058639946439861603e+02 2.508886148535462244e-04
1.074408503214856125e+02 2.406679158943727322e-04
1.090411934352570995e+02 2.308570820883787942e-04
1.106653738332099124e+02 2.214398380588950997e-04
1.123137465742762515e+02 2.124005528483992344e-04
1.139866720060291954e+02 2.037242142872252963e-04
1.156845158434592236e+02 1.953964043936067603e-04
1.174076492489200518e+02 1.874032757628269017e-04
1.191564489132692586e+02 1.797315264229949890e-04
1.209312971382151858e+02 1.723683576515473487e-04
1.227325819198928087e+02 1.653014675329946004e-04
1.245606970336803698e+02 1.585190451000504622e-04
1.264160421202830094e+02 1.520097506571131164e-04
1.282990227730988693e+02 1.457626967585618351e-04
1.302100506268823494e+02 1.397674299708597575e-04
1.321495434477325830e+02 1.340139133852776693e-04
1.341179252244196505e+02 1.284925098494968387e-04
1.361156262610736292e+02 1.231939658877416260e-04
1.381430832712499637e+02 1.181093962804058325e-04
1.402007394733997785e+02 1.132302692754064686e-04
1.422890446877625266e+02 1.085483924046952902e-04
1.444084554346974585e+02 1.040558988805177814e-04
1.465594350344845509e+02 9.974523454710123834e-05
1.487424537086090481e+02 9.560914342206575361e-05
1.509579886825578114e+02 9.164064311044353066e-05
1.532065242901414877e+02 8.783302375840176465e-05
1.554885520793752107e+02 8.417984462318865854e-05
1.578045709199368787e+02 8.067492314716971668e-05
1.601550871122206274e+02 7.731232444375896260e-05
1.625406144980203749e+02 7.408635122353366374e-05
1.649616745728586977e+02 7.099153414145208227e-05
1.674187965999923051e+02 6.802262254694972144e-05
1.699125177261097122e+02 6.517457561950920739e-05
1.724433830987575789e+02 6.244255387308145558e-05
1.750119459855161779e+02 5.982191101347628814e-05
1.776187678949445967e+02 5.730818613355485235e-05
1.802644186993333335e+02 5.489709623172548238e-05
1.829494767592818789e+02 5.258452903990006001e-05
1.856745290501353907e+02 5.036653509073016664e-05
1.884401712902985366e+02 4.823931572987646450e-05
1.912470080714668939e+02 4.619922197351840592e-05
1.940956529907941217e+02 4.424275129821868643e-05
1.969867287850321702e+02 4.236654167125427853e-05
1.999208674666622017e+02 4.056736582476277547e-05
2.028987104620599951e+02 3.884212577063703359e-05
2.059209087517187129e+02 3.718784754563527210e-05
2.089881230125544676e+02 3.560167617665751269e-05
2.121010237623383148e+02 3.408087085659581932e-05
2.152602915062755926e+02 3.262280032159829349e-05
2.184666168857725097e+02 3.122493842100776916e-05
2.217207008294118111e+02 2.988485987162551918e-05
2.250232547061833657e+02 2.860023618833130060e-05
2.283750004809975849e+02 2.736883178344899883e-05
2.317766708725082196e+02 2.618850038528224502e-05
2.352290095132935619e+02 2.505718208582551038e-05
2.387327711124189022e+02 2.397289921165034454e-05
2.422887216204254628e+02 2.293375273705866094e-05
2.458976383967682580e+02 2.193791914490149679e-05
2.495603103797556344e+02 2.098364741566798023e-05
2.532775382590201616e+02 2.006925613921159359e-05
2.570501346505508309e+02 1.919313074394019081e-05
2.608789242743404202e+02 1.835372083852961891e-05
2.647647441346749133e+02 1.754953766143336450e-05
2.687084437031123798e+02 1.677915163366814594e-05
2.727108851041791695e+02 1.604119001055244909e-05
2.767729433038397246e+02 1.533433462826439426e-05
2.808955063007745139e+02 1.465731974126252492e-05
2.850794753204975791e+02 1.400892994678727205e-05
2.893257650123757116e+02 1.338799958974176334e-05
2.936353036495761444e+02 1.279341520839936956e-05
2.980090333319986939e+02 1.222410826563187578e-05
3.024479101922201494e+02 1.167905162607797297e-05
3.069529046045157088e+02 1.115725802199388217e-05
3.115250013969939005e+02 1.065777857375811560e-05
3.161652000668813685e+02 1.017970136305605589e-05
3.208745149990252798e+02 9.722150056931503254e-06
3.256539756876442198e+02 9.284282580952631810e-06
3.305046269613879986e+02 8.865289839799780097e-06
3.354275292117390563e+02 8.464394483638509751e-06
3.404237586248270873e+02 8.080849718697467182e-06
3.454944074166895120e+02 7.713938160523158355e-06
3.506405840720439073e+02 7.362970728435345469e-06
3.558634135866042243e+02 7.027285579780796591e-06
3.611640377130172510e+02 6.706249183950054661e-06
3.665436152104632583e+02 6.399260343919662326e-06
3.720033220979623820e+02 6.105742081939667346e-06
3.775443519114665492e+02 5.825138930156429949e-06
3.831679159647738970e+02 5.556916251780441630e-06
3.888752436143371938e+02 5.300559576815932037e-06
3.946675825280022991e+02 5.055573952443757056e-06
4.005461989577632949e+02 4.821483308117012024e-06
4.065123780165789640e+02 4.597829835400434153e-06
4.125674239593009247e+02 4.384173382556432561e-06
4.187126604677993669e+02 4.180090863854929417e-06
4.249494309403280567e+02 3.985175683561008097e-06
4.312790987852079638e+02 3.799037174530815566e-06
4.377030477188703230e+02 3.621300051326659349e-06
4.442226820683523556e+02 3.451603878438553852e-06
4.508394270782996500e+02 3.289603976152768155e-06
4.575547292225265892e+02 3.134973453069841465e-06
4.643700565202333337e+02 2.987398503221385347e-06
4.712868988569236421e+02 2.846577118777541720e-06
4.783067683101121474e+02 2.712218752908800174e-06
4.854311994798671890e+02 2.584043984993883098e-06
4.926617498242914053e+02 2.461784188749582346e-06
4.999999999999999432e+02 2.345181203807020073e-06
