gamma[']      FK deployed    FK resolved      ratio        O0        FK_res/O0
     0.50   +4.28772e-06   +4.28231e-06        1.00   +8.4432e-04   +0.00507
     0.63   +4.28772e-06   +4.27904e-06        1.00   +8.3758e-04   +0.00511
     0.80   +4.28772e-06   +4.27381e-06        1.00   +8.2700e-04   +0.00517
     1.02   +4.28772e-06   +4.26543e-06        1.01   +8.1057e-04   +0.00526
     1.29   +4.28772e-06   +4.25203e-06        1.01   +7.8555e-04   +0.00541
     1.63   +4.28772e-06   +4.23063e-06        1.01   +7.4864e-04   +0.00565
     2.06   +4.28771e-06   +4.19655e-06        1.02   +6.9691e-04   +0.00602
     2.61   +4.28770e-06   +4.14252e-06        1.04   +6.3016e-04   +0.00657
     3.31   +4.28769e-06   +4.05741e-06        1.06   +5.5466e-04   +0.00732
     4.19   +4.28767e-06   +3.92482e-06        1.09   +4.8445e-04   +0.00810
     5.30   +4.28764e-06   +3.72192e-06        1.15   +4.3027e-04   +0.00865
     6.72   +4.28759e-06   +3.42023e-06        1.25   +3.7823e-04   +0.00904
     8.51   +4.28750e-06   +2.99239e-06        1.43   +3.1318e-04   +0.00955
    10.77   +4.28737e-06   +2.43144e-06        1.76   +2.6179e-04   +0.00929
    13.64   +4.28716e-06   +1.78772e-06        2.40   +2.0901e-04   +0.00855
    17.28   +4.28682e-06   +1.20315e-06        3.56   +1.6508e-04   +0.00729
    21.88   +4.28627e-06   +8.55043e-07        5.01   +1.2526e-04   +0.00683
    27.71   +4.28539e-06   +7.16856e-07        5.98   +9.1448e-05   +0.00784
    35.09   +4.28398e-06   +4.94875e-07        8.66   +6.4674e-05   +0.00765
    44.43   +4.28173e-06   +2.98062e-07       14.37   +4.4266e-05   +0.00673
    56.27   +4.27811e-06   +2.06352e-07       20.73   +2.8539e-05   +0.00723
    71.26   +4.27233e-06   +1.25016e-07       34.17   +1.7691e-05   +0.00707
    90.24   +4.26307e-06   +5.85395e-08       72.82   +1.0307e-05   +0.00568
   114.27   +4.24828e-06   +2.37215e-08      179.09   +5.2942e-06   +0.00448
   144.71   +4.22471e-06   -1.10638e-08     -381.85   +2.1948e-06   -0.00504
   183.26   +4.18728e-06   -1.64229e-08     -254.97   +5.1994e-07   -0.03159
   232.08   +4.12820e-06   -1.73289e-08     -238.23   -1.7453e-07   +0.09929
   293.90   +4.03579e-06   -5.74728e-09     -702.21   -3.8631e-07   +0.01488
   372.19   +3.89335e-06   -2.73266e-09    -1424.75   -3.7454e-07   +0.00730
   471.33   +3.67860e-06   -4.51469e-09     -814.81   -2.9289e-07   +0.01541
   596.89   +3.36546e-06   -1.03181e-09    -3261.69   -2.0543e-07   +0.00502
   755.89   +2.93030e-06   -1.49118e-09    -1965.09   -1.3594e-07   +0.01097
   957.24   +2.36416e-06   +6.48012e-11    36483.21   -8.6422e-08   -0.00075
  1212.23   +1.68526e-06   -1.80732e-10    -9324.63   -5.4344e-08   +0.00333
  1535.15   +9.21063e-07   -1.61772e-08      -56.94   -3.5015e-08   +0.46200
  1944.08   -1.12033e-09   +5.40860e-09       -0.21   -2.3476e-08   -0.23039
  2461.94   -4.72968e-09   +8.13887e-11      -58.11   -1.6695e-08   -0.00488
  3117.75   -3.25174e-09   +8.61158e-09       -0.38   -1.2354e-08   -0.69708
  3948.26   -1.32384e-08   +2.30077e-09       -5.75   -8.7338e-09   -0.26343
  5000.00   -5.57589e-09   +4.21189e-09       -1.32   -4.9251e-09   -0.85520
